[gd_scene load_steps=6 format=2]

[ext_resource path="res://actors/other/objective.gd" type="Script" id=1]

[sub_resource type="BoxShape" id=5]

[sub_resource type="CapsuleMesh" id=4]

[sub_resource type="Animation" id=3]
resource_name = "spinHover"
length = 5.0
loop = true
tracks/0/type = "value"
tracks/0/path = NodePath("MeshInstance:rotation_degrees")
tracks/0/interp = 2
tracks/0/loop_wrap = true
tracks/0/imported = false
tracks/0/enabled = true
tracks/0/keys = {
"times": PoolRealArray( 0, 1.3, 2.5, 3.7, 5 ),
"transitions": PoolRealArray( 1, 1, 1, 1, 1 ),
"update": 0,
"values": [ Vector3( 0, 0, 0 ), Vector3( 0, 90, 0 ), Vector3( 0, 180, 0 ), Vector3( 0, 270, 0 ), Vector3( 0, 360, 0 ) ]
}
tracks/1/type = "value"
tracks/1/path = NodePath("MeshInstance:translation")
tracks/1/interp = 2
tracks/1/loop_wrap = true
tracks/1/imported = false
tracks/1/enabled = true
tracks/1/keys = {
"times": PoolRealArray( 0, 1.3, 2.5, 3.7, 5 ),
"transitions": PoolRealArray( 1, 1, 1, 1, 1 ),
"update": 0,
"values": [ Vector3( 0, 0, 0 ), Vector3( 0, 0.25, 0 ), Vector3( 0, 0.5, 0 ), Vector3( 0, 0.25, 0 ), Vector3( 0, 0, 0 ) ]
}

[sub_resource type="BoxShape" id=6]
extents = Vector3( 1.25, 1.25, 1.25 )

[node name="Objective" type="StaticBody"]
transform = Transform( -0.230756, 0, 0.973012, 0, 1, 0, -0.973012, 0, -0.230756, 0, 0.420383, 0 )
script = ExtResource( 1 )

[node name="CollisionShape" type="CollisionShape" parent="."]
transform = Transform( -0.401935, 0, 0.915668, 0, 1, 0, -0.915668, 0, -0.401935, 0, 0.328601, 0 )
shape = SubResource( 5 )

[node name="MeshInstance" type="MeshInstance" parent="."]
transform = Transform( -0.668819, 0, 0.743425, 0, 1, 0, -0.743425, 0, -0.668819, 0, 0.395618, 0 )
mesh = SubResource( 4 )
material/0 = null

[node name="AnimationPlayer" type="AnimationPlayer" parent="."]
anims/spinHover = SubResource( 3 )

[node name="Area" type="Area" parent="."]

[node name="CollisionShape" type="CollisionShape" parent="Area"]
transform = Transform( -0.401935, 0, 0.915668, 0, 1, 0, -0.915668, 0, -0.401935, 0, 0.328601, 0 )
shape = SubResource( 6 )
